step,type,amount,nameOrig,oldbalanceOrg,newbalanceOrig,nameDest,oldbalanceDest,newbalanceDest,isFraud,isFlaggedFraud
283,CASH_IN,3989.44,C1158244411,99218.0,103207.44,C1068108352,534856.54,530867.1,0,0
283,PAYMENT,7889.44,C210957861,103207.44,95318.0,M985132294,0.0,0.0,0,0
283,PAYMENT,7299.61,C1669612140,95318.0,88018.39,M1841477271,0.0,0.0,0,0
283,CASH_OUT,122234.26,C1987725012,10947.0,0.0,C1229402318,15556.24,137790.5,0,0
283,CASH_OUT,27135.69,C1931500224,41719.0,14583.31,C323934231,605421.99,632557.68,0,0
283,CASH_OUT,53994.25,C855040490,5741.0,0.0,C1556450463,9691.78,63686.02,0,0
283,CASH_OUT,108686.57,C1257807661,10224.0,0.0,C2129047400,422946.05,531632.62,0,0
283,CASH_OUT,53637.86,C1854946368,12212.0,0.0,C664314224,165752.84,219390.7,0,0
283,PAYMENT,1758.34,C521641224,11273.0,9514.66,M443274929,0.0,0.0,0,0
283,PAYMENT,1735.19,C350499622,10133.0,8397.81,M2071560134,0.0,0.0,0,0
283,PAYMENT,18877.39,C1478836860,21284.0,2406.61,M473942423,0.0,0.0,0,0
283,CASH_OUT,399685.37,C695706677,20482.0,0.0,C1878141156,0.0,399685.37,0,0
283,CASH_IN,26185.81,C432044434,11504.0,37689.81,C1757237188,727738.34,701552.54,0,0
283,CASH_OUT,185823.98,C1803878004,6132.0,0.0,C13621255,67768.76,253592.74,0,0
283,PAYMENT,7848.46,C160817634,2653.0,0.0,M500673257,0.0,0.0,0,0
283,TRANSFER,161342.8,C121723944,0.0,0.0,C1862087437,679622.35,840965.15,0,0
283,CASH_OUT,195626.29,C1274705386,353975.0,158348.71,C237141400,142353.51,337979.81,0,0
283,CASH_OUT,44423.65,C1833305990,11322.0,0.0,C126207564,18435.0,62858.65,0,0
283,TRANSFER,302982.38,C1306949669,0.0,0.0,C1690308825,341763.98,644746.36,0,0
283,CASH_IN,120984.49,C1078713773,55324.0,176308.49,C1715531114,774783.58,653799.09,0,0
283,PAYMENT,33595.39,C1476834667,176308.49,142713.1,M94495706,0.0,0.0,0,0
283,TRANSFER,141757.24,C2071499803,139.0,0.0,C764255266,0.0,141757.24,0,0
283,PAYMENT,876.93,C1698732140,171834.0,170957.07,M134272066,0.0,0.0,0,0
283,TRANSFER,472127.64,C45435307,170957.07,0.0,C1014157064,7606948.35,8079075.99,0,0
283,PAYMENT,1195.85,C1028836778,2263.0,1067.15,M1555079572,0.0,0.0,0,0
283,PAYMENT,12186.43,C1386011780,1067.15,0.0,M2051817325,0.0,0.0,0,0
283,PAYMENT,9289.54,C1364759059,0.0,0.0,M146613677,0.0,0.0,0,0
283,CASH_IN,37689.99,C1014079682,25183.0,62872.99,C931572258,7834769.86,7797079.88,0,0
283,CASH_OUT,262153.89,C668817270,15917.0,0.0,C1681382440,2512682.92,2774836.81,0,0
283,PAYMENT,4378.81,C847282580,497500.0,493121.19,M1408326180,0.0,0.0,0,0
283,TRANSFER,587978.08,C1656194856,344.0,0.0,C142555733,0.0,587978.08,0,0
283,PAYMENT,16400.42,C798759663,30236.0,13835.58,M421962409,0.0,0.0,0,0
283,PAYMENT,13994.61,C1080028115,207834.0,193839.39,M512735799,0.0,0.0,0,0
283,PAYMENT,6254.27,C1368096875,193839.39,187585.12,M2098479897,0.0,0.0,0,0
283,PAYMENT,16326.67,C1110064667,99206.0,82879.33,M563571307,0.0,0.0,0,0
283,TRANSFER,383166.73,C747777770,82879.33,0.0,C2011925064,3649682.17,4032848.89,0,0
283,TRANSFER,88871.42,C1933683946,0.0,0.0,C2126138763,418822.41,507693.83,0,0
283,CASH_OUT,82403.43,C1619562111,67072.0,0.0,C243143414,303608.53,386011.96,0,0
283,PAYMENT,4038.08,C2052482103,0.0,0.0,M1192157417,0.0,0.0,0,0
283,PAYMENT,6857.8,C970338846,0.0,0.0,M495560749,0.0,0.0,0,0